world: f4c97d3a-ed50-4aea-b7f2-c1ef18b64c56
world-name: world_nether
x: -970.6999999880791
y: 62.0
z: -117.69999998807907
yaw: -76.13018798828125
pitch: 14.20015811920166
name: blaze
lastowner: 14c6c606-e067-3660-bbb7-41a975a3ff6c
