world: b447c98d-c70f-4098-8f0f-36189c227fc0
world-name: world
x: -98.43858057696242
y: -26.0
z: -33.326628947750464
yaw: -100.491943359375
pitch: 19.352439880371094
name: cave
lastowner: 14c6c606-e067-3660-bbb7-41a975a3ff6c
