world: f4c97d3a-ed50-4aea-b7f2-c1ef18b64c56
world-name: world_nether
x: -451.2587043232498
y: 52.0
z: -244.52975773596427
yaw: 12.19232177734375
pitch: 12.482059478759766
name: pearl
lastowner: 14c6c606-e067-3660-bbb7-41a975a3ff6c
