world: b447c98d-c70f-4098-8f0f-36189c227fc0
world-name: world
x: -1.7096671867862365
y: 69.0
z: -6.8922744748178975
yaw: -150.6984100341797
pitch: 7.013166427612305
name: spawn
lastowner: 14c6c606-e067-3660-bbb7-41a975a3ff6c
