world: b447c98d-c70f-4098-8f0f-36189c227fc0
world-name: world
x: -795.3767974887598
y: 66.0
z: 740.1975866813609
yaw: -102.32476043701172
pitch: 2.621612310409546
name: village1
lastowner: 14c6c606-e067-3660-bbb7-41a975a3ff6c
